1
328
2
329
3
330
4
456
5
331
6
332
7
333
8
334
9
335
10
336
11
337
12
338
13
339
14
340
15
342
16
343
17
344
18
345
19
346
20
347
21
348
22
349
23
350
24
351
25
352
26
353
27
354
28
355
29
356
30
357
31
358
32
359
33
360
34
361
35
362
36
363
37
364
38
457
39
365
40
366
41
367
42
368
43
369
44
370
45
371
46
372
47
373
48
374
49
375
50
376
51
458
52
377
53
378
54
379
55
380
56
381
57
382
58
383
59
384
60
385
61
386
62
387
63
388
64
459
65
389
66
390
67
391
68
392
69
393
70
394
71
395
72
396
73
397
74
398
75
399
76
400
77
401
78
402
79
403
80
404
81
405
82
406
83
407
84
408
85
409
86
410
87
460
88
411
89
412
90
413
91
414
92
415
93
416
94
417
95
418
96
420
97
421
98
422
99
423
100
424
101
425
102
426
103
427
104
428
105
429
106
430
107
431
108
432
109
433
110
434
111
435
112
436
113
437
114
438
115
439
116
462
117
440
118
441
119
442
120
443
121
444
122
445
123
446
124
447
125
448
126
449
127
450
128
451
129
452
130
453
131
461
132
455
133
246
134
247
135
248
136
249
137
250
138
251
139
252
140
253
141
254
142
255
143
256
144
257
145
258
146
259
147
260
148
261
149
262
150
263
151
264
152
265
153
266
154
267
155
268
156
269
157
270
158
271
159
272
160
273
161
274
162
275
163
276
164
277
165
278
166
279
167
280
168
281
169
282
170
283
171
284
172
285
173
286
174
287
175
288
176
289
177
290
178
291
179
292
180
293
181
294
182
295
183
296
184
297
185
298
186
299
187
300
188
301
189
302
190
303
191
304
192
305
193
306
194
307
195
308
196
309
197
310
198
311
199
312
200
313
201
314
202
315
203
316
204
317
205
318
206
319
207
320
208
321
209
322
210
323
211
324
212
325
213
326
214
327
215
463
216
464
217
465
218
467
222
471
224
473
225
474
226
475
228
477
232
481
234
483
235
484
236
486
238
488
241
491
243
493
133
246
135
248
137
250
138
251
139
252
140
253
141
254
142
255
143
256
144
257
145
258
146
259
147
260
148
261
149
262
150
263
151
264
152
265
153
266
154
267
155
268
156
269
157
270
158
271
159
272
160
273
161
274
162
275
163
276
164
277
165
278
166
279
167
280
168
281
169
282
170
283
171
284
172
285
173
286
174
287
175
288
176
289
177
290
178
291
179
292
180
293
181
294
182
295
183
296
184
297
185
298
186
299
187
300
188
301
189
302
190
303
191
304
192
305
193
306
194
307
195
308
196
309
197
310
198
311
199
312
200
313
201
314
202
315
203
316
204
317
205
318
206
319
207
320
208
321
209
322
210
323
211
324
212
325
213
326
214
327
1
328
2
329
3
330
5
331
6
332
7
333
8
334
9
335
10
336
11
337
12
338
13
339
14
340
1
328
84
408
85
409
86
410
87
460
88
411
89
412
90
413
91
414
92
415
93
416
94
417
95
418
96
420
97
421
98
422
99
423
100
424
101
425
102
426
103
427
104
428
105
429
106
430
107
431
108
432
109
433
110
434
111
435
112
436
113
437
114
438
115
439
116
462
117
440
118
441
119
442
120
443
121
444
122
445
123
446
124
447
125
448
126
449
127
450
128
451
129
452
130
453
131
461
132
455
133
246
134
247
135
248
136
249
137
250
138
251
139
252
140
253
141
254
142
255
143
256
144
257
145
258
146
259
147
260
148
261
149
262
150
263
151
264
152
265
153
266
154
267
155
268
156
269
157
270
158
271
159
272
160
273
161
274
162
275
163
276
164
277
165
278
166
279
167
280
168
281
169
282
170
283
171
284
172
285
173
286
174
287
175
288
176
289
177
290
178
291
179
292
180
293
181
294
182
295
183
296
184
297
185
298
186
299
187
300
188
301
189
302
190
303
191
304
192
305
193
306
194
307
195
308
196
309
197
310
198
311
199
312
200
313
201
314
202
315
203
316
204
317
205
318
206
319
207
320
208
321
209
322
210
323
211
324
212
325
213
326
214
327
215
463
216
464
217
465
218
467
222
471
224
473
225
474
226
475
228
477
232
481
234
483
235
484
236
486
238
488
241
491
243
493
133
246
135
248
1
35
8
128
19
20
19
20
24
27
25
141
26
133
24
27
28
144
33
79
34
94
1
35
37
124
38
49
38
49
57
129
33
79
34
94
96
146
37
124
8
128
57
129
26
133
25
141
143
174
28
144
96
146
143
174
1
35
8
128
19
20
19
20
24
27
25
141
26
133
24
27
28
144
33
79
34
94
1
35
37
124
38
49
38
49
57
129
33
79
34
94
96
146
37
124
8
128
57
129
26
133
25
141
143
174
28
144
96
146
143
174
